47.5341 21.616
47.5343 21.6181
47.5343 21.6183
47.5343 21.6185
47.5344 21.6189
47.5344 21.6198
47.5345 21.6206
47.5345 21.6211
47.5345 21.6213
47.5345 21.6217
47.5346 21.6228
47.5346 21.6233
47.5346 21.6234
47.5346 21.6239
47.5346 21.624
47.5346 21.6253
47.5346 21.6257
47.5346 21.6258
47.5345 21.6259
47.5345 21.6259
47.5345 21.6262
47.5345 21.627
47.5344 21.6278
47.5344 21.628
47.5344 21.6281
47.5344 21.6281
47.5343 21.6282
47.5343 21.6283
47.5343 21.6284
47.5343 21.6285
47.5342 21.6287
47.534 21.6289
47.5335 21.6292
47.5329 21.6297
47.5327 21.6298
47.5327 21.6299
47.5318 21.6308
47.5316 21.631
47.5313 21.6311
47.5312 21.6312
47.5309 21.6313
47.5306 21.6313
47.5301 21.6314
47.53 21.6315
47.5299 21.6315
47.5297 21.6315
47.5282 21.6319
47.5274 21.632
47.5273 21.6321
47.5274 21.6335
47.5274 21.6339
47.5275 21.6354
47.5275 21.6356
